-6.524122 128.438975 -56.012807
-8.294799 129.158959 -55.003968
-10.084786 129.635297 -53.560991
-11.876246 129.883642 -51.729554
-13.659518 129.898505 -49.522976
-15.410404 129.697260 -46.995257
-17.110961 129.286588 -44.181728
-18.741971 128.676010 -41.122055
-20.285343 127.875935 -37.855787
-21.724924 126.897565 -34.421281
-23.046981 125.753195 -30.855622
-24.240613 124.456142 -27.194192
-25.302004 123.008592 -23.452609
-26.222522 121.438168 -19.680145
-27.003399 119.751043 -15.891907
-27.646700 117.959648 -12.109242
-28.157038 116.076401 -8.350974
-28.541180 114.113466 -4.633520
-28.807699 112.082831 -0.971281
-28.966600 109.996474 2.622778
-29.029062 107.866288 6.136931
-29.007106 105.704192 9.560274
-28.913465 103.522213 12.882510
-28.761285 101.332495 16.093618
-28.564133 99.147736 19.183478
-28.335643 96.980435 22.142218
-28.089706 94.844020 24.959253
-27.840121 92.751899 27.623986
-27.600663 90.718012 30.125239
-27.384991 88.756771 32.451274
-27.203993 86.880881 34.592026
-27.057769 85.094615 36.546249
-26.946104 83.408460 38.308294
-26.859975 81.805838 39.892956
-26.800126 80.302370 41.290116
-26.766280 78.910200 42.492430
-26.747489 77.609821 43.515945
-26.749379 76.432535 44.338805
-26.760557 75.358884 44.976481
-26.785026 74.415628 45.410543
-26.816451 73.599468 45.644245
-26.851347 72.916108 45.674155
-26.885964 72.371018 45.496720
-26.916147 71.969212 45.108543
-26.940482 71.724342 44.499601
-26.945487 71.616419 43.683609
-26.933534 71.672085 42.640372
-26.889198 71.868097 41.384926
-26.810548 72.221300 39.902942
-26.684687 72.718620 38.200825
-26.500202 73.352885 36.280093
-26.244213 74.114308 34.143358
-25.902297 74.990307 31.794466
-25.458470 75.965425 29.238640
-24.897240 77.027247 26.478026
-24.195371 78.141244 23.530557
-23.338403 79.285232 20.411824
-22.326966 80.422657 17.177330
-21.163587 81.499074 13.906392
-19.862451 82.486323 10.662315
-18.443097 83.364043 7.505856
-16.923708 84.097742 4.512224
-15.334130 84.684353 1.735158
-13.705446 85.120310 -0.769236
-12.069493 85.402869 -2.944463
-10.465697 85.556514 -4.755174
-8.928614 85.592953 -6.156838
-7.488726 85.514938 -7.099065
-6.183197 85.358090 -7.560114
-5.040953 85.137557 -7.504535
-4.087376 84.867163 -6.899371
-3.342512 84.554279 -5.710504
-2.817571 84.189929 -3.895825
-2.516458 83.788669 -1.462261
-2.408691 83.385818 1.463425
-2.468735 83.055742 4.702150
-2.677791 82.875958 8.078969
-3.028199 82.936364 11.417654
-3.523643 83.337515 14.542654
-4.177236 84.185770 17.282105
-5.003280 85.558474 19.503918
-5.983964 87.366282 21.253032
-7.102056 89.503817 22.599532
-8.343336 91.868490 23.613549
-9.690725 94.334960 24.387411
-11.139829 96.810166 24.991334
-12.686864 99.192071 25.506129
-14.331984 101.390286 26.003881
-16.068128 103.285909 26.580627
-17.885894 104.770369 27.318542
-19.768704 105.781947 28.250291
-21.680159 106.309798 29.370684
-23.572127 106.355246 30.659193
-25.397437 105.972168 32.038898
-27.099423 105.164149 33.479333
-28.633983 103.994527 34.897684
-29.958726 102.498238 36.244696
-31.042691 100.722354 37.469762
-31.867361 98.726150 38.521765
-32.426641 96.575576 39.355086
-32.720489 94.324182 39.943803
-32.760900 92.042188 40.256049
-32.561902 89.785063 40.278029
-32.143468 87.615426 39.994036
-31.528276 85.596306 39.390589
-30.738617 83.786579 38.458166
-29.795443 82.242615 37.188351
-28.718791 81.023638 35.568336
-27.514982 80.156231 33.606167
-26.195073 79.695399 31.283308
-24.744418 79.633708 28.621582
-23.153622 80.002231 25.605505
-21.383111 80.762691 22.262385
-19.389705 81.893558 18.596240
-17.111881 83.303385 14.652976
-14.511058 84.815991 10.539613
-11.578082 86.277768 6.356536
-8.321138 87.543757 2.214375
-4.771399 88.488755 -1.771887
-0.995456 89.063071 -5.530303
2.923909 89.237357 -8.991225
6.886887 89.030423 -12.116514
10.784091 88.504778 -14.902076
14.504387 87.756238 -17.374890
17.930042 86.939968 -19.616486
20.956376 86.197158 -21.704453
23.491348 85.708110 -23.760971
25.531577 85.561896 -25.864065
27.096918 85.811594 -28.069528
28.217497 86.462033 -30.393857
28.917276 87.528034 -32.859384
29.232711 88.965919 -35.439994
29.188721 90.763816 -38.132577
28.819690 92.860711 -40.891868
28.149554 95.223144 -43.691825
27.204507 97.793016 -46.482364
26.009239 100.509095 -49.209170
24.575007 103.338979 -51.834026
22.927649 106.210316 -54.293085
21.065359 109.099773 -56.543158
19.011608 111.933188 -58.516683
16.759858 114.689559 -60.167867
14.330557 117.299333 -61.430790
11.722745 119.733790 -62.257714
8.948374 121.948055 -62.598267
6.024304 123.900806 -62.410444
2.974960 125.554313 -61.663494
-0.165130 126.877102 -60.342980
-3.350045 127.845268 -58.453483
